[-8.46258937,-7.52333079]
[-5.80982865,-5.53471384]
[-1.05447406,-0.60435558]
[4.46807406,-1.55039622]
[-0.09047409,-2.0306429]
[9.71835138,8.26193265]
[-6.62229537,-9.76463164]
[-7.8830235,-1.74023798]
[-8.35712065,-1.49294635]
[1.02228163,-3.55532117]
[-0.64377634,9.77231288]
[9.48100629,-8.49350832]
[-7.26153081,3.48779213]
[5.016395,-9.33469734]
[-3.91687565,8.63080022]
[6.11174843,7.34637279]
[1.84785278,6.6964701]
[4.85794244,-4.84021505]
[-8.8381621,-9.70674748]
[4.2728742,4.53922459]
[3.06479499, 16.86798389]
[6.40989292, 12.03430224]
[-4.13166542, 18.50352908]
[2.94256151, 14.23188655]
[-5.29042474, 18.27754374]
[7.52343297, 19.03287133]
[6.98421343, 19.48402877]
[-1.43731284, 15.32958563]
[1.58322313, 18.0141159]
[-4.63265211, 18.7690275]